28.105569
28.105569
28.106527
28.130404
28.109243
28.088572
28.034211
28.018491
27.986624
28.016352
27.981986
27.978625
28.032331
27.960219
27.937178
27.940599
27.908579
27.898606
27.855982
27.795581
27.850634
27.839349
27.824348
27.759608
27.830055
27.761886
27.694763
27.761203
27.691932
27.666086
27.723912
27.639469
27.612874
27.638534
27.606098
27.593209
27.573926
27.561151
27.559232
27.528067
27.522542
27.531058
27.493015
27.487706
27.440943
27.439646
27.412907
27.401744
27.396007
27.357510
27.365647
27.347638
27.302128
27.309836
27.266277
27.266066
27.238097
27.239031
27.227439
27.209839
27.224821
27.181666
27.170096
27.154590
27.104113
27.081358
27.071874
27.073267
27.039336
27.041493
27.018145
27.009551
26.996247
26.954839
26.968576
26.913075
26.903469
26.908829
26.860309
26.869310
26.870268
26.836196
26.836415
26.843831
26.775542
26.732431
26.730095
26.730780
26.708966
26.692341
26.690703
26.646072
26.644104
26.627146
26.569781
26.564525
26.577363
26.535204
26.541647
26.529513
26.501939
26.508460
26.456369
26.460903
26.447106
26.444679
26.432169
26.348981
26.368428
26.328696
26.287243
26.286672
26.273133
26.258781
26.264020
26.216485
26.229105
26.205432
26.184952
26.187712
26.163657
26.115078
26.115793
26.106916
26.093713
26.026723
26.059682
26.043513
26.026975
26.036413
25.985965
25.882752
25.848527
25.923090
25.898218
25.936657
25.889446
25.881018
25.883611
25.838685
25.837266
25.760130
25.726610
25.705029
25.692820
25.694555
25.715744
25.721072
25.710090
25.675076
25.690365
25.659273
25.588452
25.587607
25.605106
25.546981
25.561611
25.520048
25.512851
25.535949
25.466815
25.468195
25.442955
25.434670
25.415651
25.376169
25.380297
25.316710
25.308004
25.307879
25.257910
25.234153
25.234548
25.164560
25.155528
25.124563
25.051880
25.069608
24.984767
24.967705
24.989188
24.920120
24.878731
24.781530
24.813369
24.765025
24.703236
24.719001
24.616928
24.599527
24.583681
24.478286
24.446610
24.425899
24.334192
24.277394
24.243752
24.166103
24.169954
24.066184
24.031755
24.005790
23.927473
23.890764
23.798889
23.841604
23.759881
23.715390
23.748295
23.647204
23.596707
23.584715
23.554050
23.472504
23.504016
23.379037
23.358512
23.260696
23.247885
23.215724
23.145633
23.102612
23.045069
23.051338
23.015295
22.881877
22.915834
22.857471
22.757829
22.801015
22.703557
22.632107
22.650746
22.539414
22.495062
22.497131
22.412535
22.305346
22.266352
22.274608
22.213149
22.111782
22.098621
22.023265
21.987600
21.967380
21.867499
21.878563
21.830777
21.724761
21.720484
21.682866
21.565654
21.630614
21.522918
21.493050
21.502722
21.393423
21.312005
21.256784
21.283194
21.170907
21.128252
21.108952
21.026714
20.997039
21.006357
20.969367
20.944717
20.942738
20.863276
20.872582
20.858857
20.820238
20.823964
20.751848
20.723851
20.729127
20.679543
20.582223
20.543176
20.562831
20.485892
20.365818
20.379100
20.319317
20.222046
20.281935
20.160613
20.137914
20.138333
20.025060
19.992256
19.911347
19.882995
19.877321
19.715738
19.649489
19.605410
19.547851
19.452522
19.356058
19.341933
19.290832
19.110332
19.190850
19.113866
19.037851
18.990706
18.896681
18.732623
18.742782
18.593645
18.517665
18.425153
18.414805
18.345416
18.296095
18.280873
18.215723
18.199875
18.170798
18.120178
18.114072
18.101441
18.026191
18.033098
17.985449
17.974486
17.978176
17.926244
17.895649
17.904253
17.900632
17.870866
17.906272
17.910780
17.885157
17.870561
17.859622
17.835110
17.820890
17.817578
17.776329
17.773368
17.756399
17.740411
17.750502
17.713229
17.720286
17.707938
17.701258
17.701865
17.694371
17.632586
17.586225
17.526406
17.544085
17.502712
17.451329
17.484430
17.416052
17.388921
17.397132
17.321062
17.293555
17.280179
17.215000
17.198205
17.177024
17.144791
17.135780
17.106082
17.040895
17.066623
17.007221
16.965812
16.902998
16.927943
16.876896
16.827640
16.852029
16.776187
16.727212
16.748829
16.660815
16.658419
16.651665
16.622098
16.596606
16.547330
16.525286
16.507766
16.454513
16.436982
16.428845
16.363859
16.348094
16.282683
16.296509
16.271328
16.174741
16.214317
16.157124
16.102732
16.106655
16.086453
16.049456
16.051216
16.007865
15.951593
15.894406
15.883973
15.869272
15.811602
15.794933
15.745741
15.726425
15.720598
15.675835
15.673611
15.655756
15.627181
15.646816
15.602119
15.579875
15.594948
15.577295
15.555608
15.618620
15.596103
15.598693
15.638159
15.656410
15.578146
15.531089
15.530522
15.542079
15.542342
15.529362
15.544828
15.548348
15.545864
15.558583
15.567834
15.552205
15.617641
15.614487
15.604403
15.649430
15.630264
15.649289
15.701191
15.705422
15.687132
15.726955
15.757108
15.768657
15.780862
15.830419
15.823170
15.838748
15.875624
15.868013
15.929014
15.936420
15.963043
15.997256
16.000294
16.048715
16.071336
16.073721
16.103754
16.145752
16.162403
16.159864
16.178023
16.236986
16.221460
16.217188
16.278296
16.254800
16.298243
16.339359
16.321399
16.359128
16.382156
16.423409
16.417712
16.443979
16.460496
16.451782
16.457459
16.487735
16.488839
16.512347
16.482478
16.518075
16.514661
16.517764
16.531880
16.526951
16.555249
16.520121
16.548351
16.556675
16.538771
16.568003
16.544490
16.535499
16.561499
16.542190
16.543448
16.557562
16.566169
16.556605
16.570418
16.580516
16.562177
16.577028
16.572893
16.590643
16.614449
16.620514
16.636675
16.645457
16.611129
16.657846
16.645958
16.707041
16.674124
16.677512
16.721720
16.739936
16.751187
16.790234
16.783236
16.812558
16.835089
16.825195
16.837534
16.843719
16.860487
16.876560
16.884602
16.913861
16.922980
16.896026
16.974919
16.964687
17.006133
16.974850
17.015042
17.026478
17.023531
17.050935
17.062122
17.063496
17.118941
17.116624
17.112070
17.145810
17.159537
17.154466
17.171054
17.179673
17.222761
17.224564
17.223354
17.223373
17.260710
17.290239
17.268331
17.253500
17.294589
17.291935
17.326415
17.319426
17.317434
17.333616
17.330645
17.309512
17.342974
17.353450
17.345175
17.355721
17.358381
17.384412
17.373850
17.372270
17.370947
17.378427
17.375183
17.373487
17.378253
17.392385
17.373938
17.381478
17.376368
17.385073
17.373850
17.381336
17.377884
17.380602
17.383297
17.387647
17.385992
17.382180
17.372289
17.382248
17.375353
17.390186
17.379182
17.382460
17.380332
17.389412
17.387074
17.393268
17.380472
17.384893
17.373103
17.385309
17.383070
17.391201
17.404724
17.404062
17.403852
17.404158
17.406330
17.395276
17.387772
17.386512
17.400358
17.389369
17.395267
17.387020
17.393792
17.404562
17.401751
17.395766
17.406964
17.386298
17.420158
17.474613
17.446048
17.445287
17.527802
17.494453
17.542953
17.521034
17.546914
17.555158
17.604875
17.675381
17.663558
17.700915
17.767309
17.745582
17.786492
17.821049
17.890929
17.963418
17.976169
18.080200
18.066455
18.119991
18.188557
18.266248
18.341597
18.327987
18.392398
18.497652
18.488852
18.548176
18.663420
18.656165
18.717218
18.847604
18.802266
18.887023
18.991404
19.059908
19.077223
19.112356
19.221734
19.216901
19.268927
19.404083
19.401162
19.485605
19.508945
19.542924
19.660117
19.668178
19.723249
19.772587
19.758959
19.868049
19.912902
19.904911
19.980942
20.033577
19.978869
19.984424
20.049583
20.179338
20.199063
20.194065
20.241186
20.231926
20.245507
20.281187
20.286342
20.347300
20.353191
20.369883
20.413796
20.416120
20.467355
20.479317
20.484872
20.566550
20.579292
20.624977
20.630964
20.660393
20.713403
20.682495
20.770802
20.784335
20.762694
20.856346
20.871036
20.886284
20.947410
20.965967
20.960698
21.022418
21.056330
21.100131
21.127199
21.133818
21.182492
21.213268
21.281692
21.292800
21.321235
21.381613
21.364435
21.384668
21.446207
21.434238
21.495466
21.519578
21.513832
21.578462
21.636775
21.651084
21.664355
21.691847
21.723532
21.732517
21.744673
21.792980
21.794875
21.847403
21.844628
21.868172
21.890881
21.895057
21.951870
21.954630
21.963172
22.009935
21.997005
22.026124
22.028198
22.064630
22.090806
22.111534
22.119714
22.150058
22.150303
22.154248
22.185456
22.160720
22.133503
22.179944
22.183296
22.176075
22.157912
22.172853
22.185906
22.165609
22.110256
21.974706
22.042490
22.143387
22.134150
22.120739
22.112081
22.130141
22.070214
22.059238
22.084061
22.038972
22.032479
22.024641
22.004645
21.995104
21.975219
21.968397
21.957021
21.951919
21.941105
21.899646
21.887786
21.890198
21.880123
21.877367
21.842335
21.846909
21.827529
21.780539
21.777415
21.756327
21.728845
21.750761
21.731858
21.775942
21.779082
21.857261
21.693483
21.757597
21.744358
21.691414
21.708246
21.696124
21.697913
21.718732
21.741981
21.752400
21.707795
21.691556
21.660494
21.656108
21.653079
21.631302
21.658113
21.542934
21.531426
21.434586
21.636266
21.470561
21.401829
21.408849
21.364095
21.285639
21.294228
21.232377
21.161466
21.167644
21.109949
21.109535
21.098881
21.042339
21.027883
21.012418
20.957779
20.950802
20.918166
20.877443
20.875444
20.837615
20.802633
20.766658
20.775571
20.720248
20.646631
20.664880
20.619196
20.571331
20.573420
20.509491
20.486931
20.489182
20.421971
20.408638
20.389347
20.305224
20.287568
20.221202
20.180359
20.180561
20.122119
20.091013
20.032084
20.035386
19.986215
19.938185
19.940185
19.916907
19.841358
19.857497
19.807839
19.772583
19.784140
19.705617
19.669937
19.673858
19.620901
19.582017
19.576981
19.567160
19.575363
19.537763
19.538367
19.489541
19.488438
19.508223
19.460758
19.469585
19.473684
19.503794
19.423075
19.731978
19.391733
19.485415
19.505050
19.466073
19.448496
19.536367
19.544338
19.572134
19.574051
19.590931
19.642612
19.637131
19.718231
19.719704
19.707781
19.656066
19.610562
19.707003
19.692569
19.706398
19.707521
19.707052
19.711349
19.691084
19.709927
19.719800
19.676646
19.648185
19.639989
19.617436
19.615623
19.501817
19.512840
19.630006
19.615025
19.602411
19.595238
19.589521
19.576323
19.558886
19.552265
19.514556
19.498942
19.506677
19.481728
19.439272
19.449107
19.476671
19.439250
19.387434
19.448008
19.340736
19.355403
19.409536
19.332919
19.319279
19.310142
19.267870
19.255579
19.250697
19.232944
19.235826
19.210624
19.204876
19.201124
19.186164
19.181885
19.153731
19.161453
19.142429
19.126864
19.137174
19.126665
19.107243
19.108832
19.083503
19.077721
19.074172
19.094249
19.254980
19.240390
19.075337
19.092557
19.069336
19.076094
19.056908
19.093314
19.093314
19.091380
19.100533
19.093023
19.098929
19.103238
19.120175
19.144994
19.134007
19.153479
19.159707
19.156822
19.167951
19.173048
19.181814
19.192155
19.193771
19.190999
19.192529
19.183338
19.195039
19.202560
19.199257
19.197883
19.197417
19.207769
19.201669
19.192059
19.180788
19.200708
19.156637
19.158227
19.153800
19.140681
19.089934
19.109748
19.006527
19.011955
19.115388
19.117236
19.030293
19.043967
19.028149
18.982780
19.007980
18.986405
18.957434
18.957254
18.948358
18.920502
18.906659
18.887856
18.877549
18.863285
18.843616
18.822331
18.792540
18.793514
18.774892
18.743088
18.730873
18.737484
18.695653
18.689174
18.654621
18.614304
18.629572
18.566816
18.505028
18.498758
18.455272
18.436052
18.369936
18.348545
18.330425
18.255891
18.232485
18.167640
18.174490
18.136363
18.091680
18.105691
18.055420
17.998785
18.022928
17.942927
17.884733
17.899159
17.854421
17.801546
17.830795
17.780173
17.742251
17.680402
17.668678
17.642443
17.567511
17.559602
17.503795
17.480263
17.459750
17.410684
17.400979
17.379249
17.319708
17.323487
17.258018
17.202123
17.214819
17.134787
17.089173
17.098649
17.045216
16.997632
16.961583
16.971201
16.934470
16.876890
16.878840
16.822218
16.795712
16.789815
16.733541
16.708597
16.693367
16.620283
16.625936
16.584023
16.559412
16.558313
16.491617
16.467201
16.460646
16.418141
16.348105
16.306847
16.322077
16.271260
16.234307
16.238691
16.163889
16.133089
16.138143
16.091599
16.048686
16.037327
16.030293
16.013130
15.991969
16.007792
16.001308
15.958237
15.905170
15.841104
15.827779
15.811102
15.769536
15.767240
15.759658
15.736567
15.754679
15.708611
15.699339
15.721192
15.705602
15.697927
15.715579
15.662330
15.608290
15.662796
15.660925
15.681227
15.654086
15.643886
15.656587
15.661688
15.664369
15.672836
15.677906
15.686597
15.683617
15.686883
15.727389
15.721683
15.721111
15.764157
15.766049
15.773634
15.776359
15.805419
15.827578
15.830006
15.828145
15.864455
15.861175
15.884527
15.886562
15.886641
15.912515
15.914071
15.923108
15.923576
15.925809
15.938907
15.942866
15.940153
15.972313
15.960983
15.953233
15.954374
15.962307
15.944349
15.954062
15.959220
15.931396
15.949571
15.942091
15.908871
15.933236
15.923552
15.915814
15.903557
15.861554
15.867160
15.851093
15.822515
15.826082
15.794172
15.783615
15.779585
15.753906
15.721240
15.664952
15.683695
15.653875
15.612250
15.623832
15.588592
15.532159
15.561526
15.492732
15.491632
15.503547
15.451259
15.438540
15.375967
15.368996
15.367029
15.309219
15.290285
15.225819
15.235718
15.193243
14.951867
15.043520
15.057527
15.141811
15.223432
15.094839
14.941631
14.862136
15.040432
14.862860
14.901382
14.858968
14.798365
14.759580
14.751336
14.717209
14.648939
14.631703
14.577348
14.566044
14.552902
14.505371
14.498496
14.448785
14.399188
14.395011
14.356191
14.302623
14.300994
14.258908
14.226850
14.239520
14.190232
14.147006
14.052602
14.078297
14.016623
14.035438
14.007359
13.992762
13.982058
13.969100
13.945995
13.957713
13.941104
13.832755
13.814617
13.834913
13.753693
13.759950
13.740798
13.713546
13.720722
13.684550
13.670833
13.629381
13.632861
13.628586
13.583768
13.597028
13.584771
13.559175
13.576098
13.538226
13.532788
13.513638
13.491511
13.486963
13.490902
13.498217
13.481809
13.475678
13.474122
13.467360
13.477114
13.470077
13.496755
13.499601
13.500569
13.493756
13.462126
13.504544
13.485088
13.488426
13.551841
13.581159
13.606956
13.576893
13.615079
13.660578
13.633056
13.673723
13.673352
13.684294
13.723654
13.729253
13.743057
13.804873
13.813105
13.812787
13.861412
13.858347
13.869706
13.880622
13.892146
13.925454
13.966670
13.956958
13.992301
14.042584
14.054938
14.053981
14.058798
14.097991
14.096582
14.154273
14.188145
14.216292
14.274236
14.283581
14.294652
14.326763
14.342930
14.353262
14.359858
14.337528
14.405835
14.446907
14.427750
14.502147
14.561092
14.526040
14.515721
14.538260
14.544103
14.525725
14.642087
14.681722
14.665267
14.679875
14.700614
14.694886
14.704127
14.709415
14.737615
14.710646
14.716204
14.729012
14.720624
14.733146
14.759412
14.779613
14.792895
14.808867
14.825880
14.762680
14.796612
14.777738
14.767566
14.760712
14.799176
14.858953
14.830792
14.872498
14.891833
14.919742
14.903775
14.902985
14.895472
14.910810
14.899125
14.886579
14.919502
14.941883
14.972610
14.985226
14.986565
14.999906
14.978248
15.029498
15.014472
15.008573
15.047067
15.040902
15.052215
15.041846
15.077340
15.093839
15.115360
15.148075
15.158004
15.189464
15.207177
15.212000
15.267675
15.272096
15.289008
15.316349
15.307069
15.323219
15.347548
15.330427
15.368016
15.389084
15.377930
15.427924
15.472078
15.491867
15.483139
15.505664
15.539223
15.527414
15.557320
15.599352
15.598128
15.610463
15.618618
15.629980
15.637314
15.646528
15.645347
15.683289
15.684005
15.700514
15.720883
15.718463
15.765867
15.788702
15.823559
15.809041
15.839732
15.895768
15.861144
15.856355
15.864082
15.853378
15.870762
15.911221
15.907733
15.979093
16.009683
16.048259
16.053295
16.043478
16.090679
16.089803
16.093074
16.117162
16.138729
16.170478
16.162013
16.217966
16.228631
16.225865
16.262635
16.301598
16.281212
16.295877
16.350567
16.315984
16.362577
16.419015
16.440982
16.434032
16.462806
16.477686
16.489383
16.531026
16.566859
16.546655
16.538429
16.534768
16.561339
16.621486
16.629656
16.648533
16.673902
16.674489
16.702585
16.720989
16.710816
16.748279
16.758058
16.786084
16.773982
16.794354
16.835627
16.832936
16.870021
16.890799
16.889888
16.891929
16.866956
16.878186
16.900217
16.910789
16.927517
17.019741
17.007117
17.034780
17.036375
17.040303
17.055617
17.076144
17.087133
17.084868
17.110069
17.150767
17.114330
17.143680
17.162725
17.193019
17.174969
17.191436
17.150452
17.201632
17.207156
17.245096
17.237641
17.229801
17.280027
17.294676
17.294589
17.337856
17.297413
17.329617
17.312487
17.354497
17.357881
17.373836
17.376715
17.398021
17.399944
17.402114
17.441521
17.425548
17.424429
17.458926
17.480223
17.490572
17.498325
17.511194
17.515554
17.540265
17.547699
17.564633
17.591133
17.562497
17.597805
17.621159
17.634092
17.637694
17.640572
17.643331
17.658619
17.676774
17.669965
17.721128
17.746927
17.779133
17.777767
17.788782
17.764130
17.781393
17.780673
17.860674
17.862044
17.901552
17.895392
17.902298
17.900915
17.909670
17.921194
17.961475
17.952049
18.015250
18.030612
17.999997
18.007992
17.991398
18.016324
18.035063
18.078021
18.182088
18.149517
18.152586
18.139242
18.149945
18.140241
18.176883
18.140412
18.201636
18.185881
18.185685
18.257427
18.219645
18.248939
18.211023
18.243220
18.235721
18.306511
18.382286
18.329999
18.379752
18.403988
18.391235
18.454933
18.434497
18.421146
18.499407
18.467136
18.483567
18.522705
18.545670
18.592365
18.600541
18.605211
18.642771
18.645695
18.657010
18.689010
18.709970
18.764652
18.739903
18.768317
18.790201
18.791530
18.818222
18.874912
18.853364
18.898164
18.948762
18.879723
18.997678
19.003804
19.027917
19.035635
19.050346
19.066834
19.076624
19.077382
19.108658
19.110738
19.154166
19.156491
19.158239
19.166647
19.169056
19.178298
19.193946
19.203356
19.207513
19.218160
19.220759
19.179450
19.039249
19.289226
19.227903
19.261633
19.254068
19.208890
19.313782
19.255240
19.179580
19.261352
19.240779
19.256604
19.259060
19.256710
19.249408
19.260128
19.265878
19.252638
19.257170
19.259386
19.258408
19.242342
19.243961
19.249741
19.247554
19.249295
19.261576
19.245416
19.242035
19.243095
19.246299
19.265099
19.264967
19.270740
19.276523
19.277952
19.293292
19.298748
19.309137
19.307331
19.310211
19.330093
19.338597
19.336280
19.331113
19.336462
19.330340
19.337909
19.326424
19.325680
19.323234
19.331015
19.344137
19.333734
19.331114
19.341540
19.341401
19.338031
19.337568
19.318172
19.314317
19.299985
19.298255
19.306446
19.301924
19.301531
19.287888
19.275118
19.266871
19.266870
19.274695
19.266871
19.312298
19.496806
19.462181
19.392921
19.406360
19.405514
19.434195
19.468295
19.459304
19.471353
19.568985
19.591833
19.599831
19.670802
19.691994
19.702286
19.803067
19.818536
19.840864
19.957208
19.968473
20.044892
20.095464
20.091217
20.180235
20.278325
20.378323
20.327859
20.454665
20.558327
20.542988
20.609818
20.702006
20.672411
20.805909
20.866092
20.875175
21.018297
21.053542
21.057202
21.200049
21.237504
21.310135
21.372472
21.396407
21.480065
21.562465
21.667742
21.674597
21.713823
21.857873
21.844187
21.916101
22.021439
22.012294
22.099973
22.161710
22.154131
22.278562
22.328419
22.324579
22.365229
22.475832
22.523593
22.548580
22.565337
22.646218
22.690485
22.803239
22.806690
22.847163
22.952819
22.943376
22.979129
23.078339
23.064041
23.124964
23.192836
23.169491
23.232703
23.290367
23.336051
23.381746
23.434345
23.507335
23.504442
23.543294
23.588318
23.603419
23.694097
23.714655
23.744924
23.816400
23.825821
23.857294
23.954436
23.952464
23.995944
24.049149
24.058925
24.105779
24.162165
24.206001
24.205172
24.309009
24.337180
24.316772
24.356156
24.432062
24.417209
24.487515
24.531299
24.513844
24.610697
24.641990
24.645082
24.683485
24.686541
24.730684
24.774734
24.786319
24.847597
24.803608
24.844210
24.772642
24.888226
24.794532
24.801159
24.852511
24.816656
24.805257
24.806044
24.732258
24.746448
24.601568
24.797408
24.740474
24.715316
24.691298
24.658603
24.637593
24.620965
24.625218
24.607046
24.572095
24.565120
24.548756
24.538306
24.526614
24.510604
24.506809
24.498894
24.486268
24.451791
24.466078
24.414178
24.388856
24.395583
24.363252
24.342749
24.344394
24.335023
24.326128
24.266448
24.258769
24.218650
24.212714
24.208416
24.192831
24.187146
24.175494
24.129309
24.150305
24.141869
24.086340
24.101077
24.065498
24.036147
24.025899
24.020464
23.993589
23.968598
23.978732
23.949734
23.928576
23.927498
23.858516
23.854028
23.843264
23.826556
23.814463
23.802678
23.735388
23.730701
23.716902
23.690183
23.689396
23.627511
23.585575
23.517906
23.541615
23.516946
23.485260
23.492550
23.459347
23.403455
23.404196
23.379435
23.356594
23.364737
23.354206
23.337295
23.340069
23.346812
23.314252
23.320485
23.320348
23.313098
23.318582
23.292833
23.320660
23.317144
23.351801
23.229091
23.240948
23.253324
23.205674
23.220234
23.211496
23.201230
23.195469
23.198630
23.177836
23.190880
23.158152
23.154549
23.155015
23.156593
23.153534
23.139321
23.131570
23.109822
23.112378
23.118574
23.094664
23.104091
23.092799
23.083131
23.079400
23.097455
23.070734
23.075198
23.083270
23.056101
23.070884
23.069516
23.031271
22.995976
23.001890
22.983224
22.972332
22.965585
22.940267
22.935820
22.935934
22.937086
22.942328
22.932293
22.896460
22.911769
22.903900
22.895667
22.906991
22.874330
22.879416
22.883544
22.882002
22.837914
22.853369
22.863064
22.856988
22.843156
22.825635
22.799409
22.810632
22.801466
22.796638
22.806708
22.809673
22.792543
22.794035
22.785113
22.786034
22.786946
22.765948
22.762462
22.754696
22.733945
22.735419
22.747473
22.736538
22.746608
22.738686
22.746608
22.750729
22.758889
22.734189
22.738590
22.760405
22.775226
22.764370
22.747191
22.757794
22.772138
22.784103
22.763778
22.758952
22.772829
22.793555
22.792337
22.807278
22.780775
22.804505
22.821557
22.826702
22.832547
22.837501
22.836791
22.848045
22.874093
22.855035
22.890136
22.915846
22.932689
22.916200
22.944365
22.955797
22.959327
22.976600
22.977614
22.989657
23.040710
23.032464
23.079091
23.091546
23.091813
23.121800
23.145329
23.143353
23.162015
23.177157
23.174327
23.212964
23.219308
23.226580
23.252998
23.261231
23.285303
23.290118
23.325034
23.340384
23.343727
23.388260
23.397462
23.396619
23.413562
23.437509
23.462757
23.486842
23.504227
23.500191
23.517385
23.523671
23.528544
23.577988
23.585747
23.562446
23.619308
23.613810
23.614392
23.635931
23.662072
23.647263
23.697133
23.702325
23.715195
23.728034
23.738309
23.788204
23.800628
23.808804
23.818718
23.802828
23.854876
23.840973
23.862442
23.915274
23.893354
23.925939
23.920764
23.916303
23.946636
23.983204
23.977858
23.987537
23.997087
24.008027
24.021961
24.047037
24.079622
24.082984
24.082856
24.112357
24.116642
24.141337
24.128607
24.157399
24.184491
24.190231
24.209503
24.225739
24.223405
24.231718
24.242045
24.256720
24.259655
24.276366
24.264831
24.291961
24.312079
24.332096
24.322765
24.341591
24.368401
24.362665
24.377246
24.372262
24.391026
24.409193
24.391176
24.413708
24.431744
24.414999
24.444710
24.440615
24.452140
24.467912
24.469752
24.463384
24.496956
24.506641
24.534676
24.503460
24.510923
24.524218
24.513267
24.547987
24.558673
24.560893
24.563145
24.573726
24.573110
24.595843
24.588626
24.588819
24.604510
24.603343
24.611327
24.617949
24.617589
24.612082
24.624990
24.655493
24.645718
24.669755
24.659356
24.663609
24.676180
24.656229
24.669217
24.675493
24.670695
24.664491
24.690588
24.681022
24.698332
24.711234
24.709582
24.697418
24.715826
24.730693
24.710232
24.705473
24.722414
24.712842
24.730387
24.739261
24.733493
24.737442
24.724976
24.735256
24.732227
24.696438
24.699764
24.698624
24.696290
24.686541
24.679384
24.682082
24.676292
24.682672
24.645536
24.637307
24.634688
24.649688
24.638818
24.633293
24.626890
24.624666
24.601887
24.591521
24.575891
24.593896
24.575511
24.569918
24.553958
24.509565
24.471349
24.476496
24.452904
24.443704
24.445733
24.494348
24.491677
24.505282
24.488444
24.482381
24.469783
24.442370
24.429367
24.423880
24.399167
24.406126
24.395858
24.393127
24.385415
24.385755
24.380236
24.370205
24.376022
24.353938
24.298520
24.314271
24.268291
24.259561
24.253650
24.271428
24.285745
24.288444
24.275030
24.251958
24.242526
24.239415
24.239291
24.216974
24.213122
24.214665
24.187852
24.194035
24.165840
24.182674
24.156045
24.147019
24.157013
24.139754
24.117763
24.120099
24.104111
24.115293
24.102389
24.112563
24.109396
24.114624
24.116095
24.090845
24.097762
24.091442
24.083616
24.093393
24.094344
24.110242
24.098191
24.101050
24.093302
24.096328
24.093563
24.126933
24.115318
24.107727
24.091001
24.094339
24.101578
24.113727
24.135449
24.153013
24.139235
24.152766
24.158247
24.170284
24.160867
24.187586
24.171351
24.176234
24.161449
24.184311
24.189344
24.189417
24.206043
24.196300
24.218245
24.221824
24.209616
24.216266
24.239794
24.245009
24.233627
24.209605
24.266560
24.281184
24.290262
24.284528
24.290885
24.307883
24.304802
24.298256
24.320500
24.333635
24.336083
24.353315
24.365526
24.388926
24.406457
24.426905
24.428586
24.434852
24.476300
24.445309
24.463277
24.495767
24.477251
24.491643
24.491887
24.479393
24.538296
24.547292
24.541235
24.534295
24.545578
24.571187
24.573162
24.585730
24.610842
24.615454
24.659762
24.661929
24.653741
24.675503
24.669984
24.683537
24.689740
24.693055
24.739082
24.748629
24.736968
24.755257
24.782861
24.785883
24.787483
24.817843
24.861948
24.851330
24.884363
24.896361
24.899795
24.922158
24.939045
24.948364
24.973958
24.988334
24.974273
24.994244
24.986096
25.013348
25.040430
25.044947
25.060804
25.069451
25.062413
25.098920
25.114977
25.122447
25.117806
25.144636
25.170747
25.153901
25.198165
25.214920
25.214205
25.235682
25.244238
25.242287
25.262293
25.255468
25.264311
25.267199
25.259784
25.272935
25.294577
25.287116
25.324747
25.327885
25.324076
25.318797
25.323872
25.355096
25.335905
25.353266
25.352095
25.363143
25.361489
25.366491
25.363135
25.372121
25.370581
25.384175
25.390530
25.401940
25.388440
25.390691
25.403704
25.390007
25.383423
25.402456
25.399772
25.389079
25.373500
25.400191
25.381936
25.368430
25.388538
25.358642
25.349921
25.339985
25.375548
25.386787
25.382414
25.348822
25.368978
25.366864
25.345182
25.336177
25.374721
25.355003
25.333613
25.345617
25.350435
25.323987
25.327727
25.356057
25.340544
25.327071
25.343265
25.356621
25.330662
25.330722
25.320205
25.305607
25.294037
25.305390
25.294886
25.292658
25.293641
25.313430
25.310189
25.307032
25.332955
25.323987
25.300988
25.294388
25.288271
25.282171
25.269090
25.282594
25.275905
25.276391
25.258644
25.271034
25.266971
25.276546
25.255519
25.243898
25.232923
25.226438
25.226851
25.213496
25.223190
25.191103
25.198696
25.172273
25.173774
25.170437
25.149923
25.144962
25.144710
25.147290
25.151805
25.140779
25.141020
25.106595
25.108018
25.085037
25.089429
25.106036
25.101528
25.103458
25.090089
25.094798
25.097975
25.089930
25.100416
25.110573
25.120567
25.128073
25.124935
25.125935
25.120203
25.133581
25.114114
25.108880
25.114264
25.125572
25.119783
25.159132
25.165540
25.154847
25.114738
25.129573
25.151925
25.149691
25.133202
25.158275
25.180033
25.188499
25.159463
25.171199
25.184078
25.166709
25.188771
25.194290
25.199809
25.197129
25.199878
25.217870
25.204431
25.200724
25.218799
25.227329
25.220369
25.227700
25.247469
25.232942
25.248690
25.228477
25.245335
25.254340
25.227439
25.249164
25.250657
25.278675
25.278779
25.280387
25.278266
25.292990
25.302531
25.305064
25.301165
25.305460
25.296392
25.313526
25.336609
25.321374
25.332262
25.345874
25.337784
25.354620
25.365245
25.370438
25.341360
25.374768
25.374570
25.388565
25.369446
25.399866
25.418693
25.411268
25.436980
25.452958
25.439886
25.436897
25.421837
25.459202
25.440288
25.438769
25.473156
25.478814
25.488500
25.488077
25.496097
25.520501
25.500592
25.482717
25.525891
25.499183
25.515558
25.538657
25.528623
25.542407
25.543092
25.557241
25.567030
25.556460
25.562435
25.562472
25.562934
25.580615
25.596941
25.603003
25.613540
25.608473
25.633051
25.624982
25.632300
25.639323
25.638566
25.666108
25.649042
25.630609
25.658693
25.676166
25.668170
25.678142
25.686160
25.707558
25.697439
25.724828
25.729479
25.717814
25.697875
25.726007
25.729386
25.751230
25.753878
25.752103
25.753364
25.748416
25.774303
25.758172
25.780940
25.785100
25.777746
25.775102
25.790747
25.781694
25.800504
25.809062
25.806026
25.785245
25.795856
25.807926
25.804141
25.796025
25.784859
25.776712
25.781890
25.793293
25.789875
25.792521
25.781534
25.780386
25.765508
25.762748
25.776546
25.782631
25.768756
25.764682
25.778043
25.766485
25.773266
25.776591
25.777591
25.742197
25.761990
25.730077
25.729335
25.719783
25.733456
25.729554
25.740233
25.731011
25.732077
25.740464
25.719625
25.719839
25.733056
25.748910
25.733360
25.737589
25.734546
25.696520
25.706576
25.715836
25.696007
25.709192
25.708361
25.718570
25.697032
25.722926
25.691949
25.686052
25.688117
25.647448
25.643748
25.645912
25.631865
25.617083
25.621096
25.613871
25.598862
25.594769
25.573942
25.568538
25.548663
25.539443
25.545316
25.541234
25.506777
25.513606
25.509557
25.523913
25.482997
25.511457
25.471060
25.449211
25.454942
25.437534
25.431037
25.435071
25.406935
25.392974
25.387520
25.389237
25.378703
25.350982
25.351582
25.350459
25.328303
25.315708
25.303978
25.330271
25.297110
25.293992
25.301749
25.285868
25.247603
25.251168
25.270712
25.265001
25.250980
25.232090
25.220573
25.226091
25.190304
25.175310
25.183398
25.179836
25.176624
25.158472
25.151262
25.122812
25.118502
25.117838
25.107315
25.107106
25.100197
25.072113
25.080713
25.030919
24.994905
25.002087
24.951868
24.866620
24.940666
24.928953
24.971376
24.875321
24.894300
24.882800
24.775499
24.768708
24.612651
24.571503
24.516226
24.427495
24.440041
24.391098
24.302987
24.319630
24.227259
24.177064
24.183424
24.097387
24.036513
23.951268
23.957812
23.874732
23.786226
23.820912
23.732080
23.686732
23.716422
23.612054
23.586246
23.575375
23.500407
23.489739
23.470252
23.426319
23.416187
23.354077
23.332380
23.328122
23.267040
23.211473
23.169856
23.199250
23.133832
23.066121
23.081380
23.062824
23.025512
23.033951
22.966642
22.920959
22.927984
22.831014
22.782671
22.783431
22.716747
22.671114
22.600294
22.571329
22.557845
22.455425
22.438495
22.394859
22.395425
22.367724
22.318079
22.333779
22.311990
22.275377
22.276797
22.246744
22.208656
22.227954
22.176250
22.133444
22.149298
22.100728
22.060368
21.988514
21.975832
21.958813
21.906158
21.909970
21.863792
21.854736
21.838470
21.786670
21.804916
21.792359
21.774163
21.761638
21.775377
21.753186
21.749264
21.753394
21.789192
21.790185
21.810544
21.775991
21.704694
21.691654
21.694009
21.669068
21.663375
21.667426
21.658468
21.659545
21.661228
21.662197
21.662567
21.635509
21.635936
21.648325
21.639963
21.640961
21.634418
21.629271
21.643380
21.626749
21.625550
21.629998
21.632709
21.682353
21.674338
21.658844
21.683193
21.673962
21.697406
21.697224
21.669905
21.679221
21.690488
21.696152
21.716905
21.726686
21.730332
21.744158
21.757996
21.789398
21.795523
21.813323
21.821505
21.809158
21.848239
21.851693
21.850590
21.860941
21.883939
21.871247
21.924239
21.928556
21.917809
21.939557
21.963356
21.983299
21.989659
21.994453
22.059491
22.035170
22.063108
22.070529
22.069531
22.073963
22.095628
22.062574
22.090865
22.073871
22.131372
22.088997
22.114215
22.113757
22.083322
22.095171
22.064431
22.051765
22.054670
22.074256
22.023825
22.032946
22.027354
22.017875
22.017706
22.019146
22.021196
22.023323
22.020962
22.004597
22.016606
22.042699
22.059350
22.059525
22.029948
22.047111
22.041698
22.020735
22.015871
22.061743
22.056458
22.042185
22.047423
22.057657
22.060673
22.069475
22.059890
22.076888
22.101726
22.089916
22.094607
22.100884
22.133085
22.129520
22.128479
22.131639
22.139730
22.169399
22.163738
22.171363
22.153178
22.159774
22.161567
22.164657
22.145174
22.156651
22.188708
22.185992
22.200129
22.195767
22.191986
22.197466
22.195474
22.182227
22.161070
22.163761
22.183082
22.176644
22.159329
22.164352
22.152848
22.136644
22.127981
22.128479
22.120592
22.128436
22.082247
22.078621
22.068421
22.048288
22.025679
22.030395
22.000190
22.001541
22.006534
22.017047
21.995675
21.990503
21.984145
21.964853
21.969223
21.964150
21.944379
21.948800
21.916393
21.904966
21.902199
21.925567
21.929474
21.935343
21.876898
21.880617
21.874773
21.871460
21.870570
21.852559
21.854383
21.833216
21.852528
21.831036
21.831109
21.835322
21.820619
21.814328
21.803847
21.809899
21.789195
21.792604
21.780507
21.778543
21.776784
21.753685
21.775132
21.766496
21.758998
21.728096
21.706838
21.719628
21.734598
21.723885
21.723925
21.720144
21.704936
21.702190
21.682382
21.691427
21.686017
21.676403
21.667660
21.677883
21.685146
21.681439
21.675920
21.671162
21.678052
21.662777
21.667352
21.658719
21.660149
21.641343
21.630183
21.636448
21.649902
21.630730
21.634617
21.601413
21.615126
21.604172
21.620730
21.623147
21.621370
21.627296
21.622760
21.623849
21.622531
21.615210
21.613757
21.603545
21.597394
21.597907
21.587615
21.600715
21.599115
21.594718
21.600158
21.582463
21.575649
21.568299
21.573295
21.567163
21.562321
21.564417
21.544876
21.559438
21.569486
21.589228
21.573246
21.559202
21.537960
21.544133
21.561601
21.553117
21.546391
21.551159
21.535313
21.545767
21.552124
21.561345
21.576007
21.578388
21.569636
21.577063
21.587472
21.574411
21.586322
21.597392
21.603842
21.622718
21.632707
21.608394
21.642523
21.636745
21.652949
21.664208
21.681432
21.675078
21.673995
21.679735
21.689861
21.710324
21.727665
21.695378
21.719335
21.719193
21.744837
21.733869
21.756665
21.760472
21.762622
21.768316
21.775262
21.799272
21.815460
21.800976
21.824106
21.833211
21.841717
21.857979
21.845896
21.873337
21.875878
21.897142
21.897800
21.908528
21.914958
21.935211
21.922494
21.944294
21.957148
21.941103
21.980405
22.014401
22.001363
22.015780
22.016935
22.010712
22.034655
22.056003
22.041680
22.050778
22.069950
22.061179
22.073090
22.080147
22.094811
22.115165
22.102941
22.137825
22.146740
22.163254
22.150320
22.151727
22.179743
22.191947
22.191478
22.211881
22.204717
22.203008
22.234403
22.231174
22.240147
22.248780
22.248037
22.267742
22.277306
22.284564
22.318806
22.329318
22.326859
22.316456
22.298093
22.327641
22.324797
22.321467
22.317722
22.336003
22.323885
22.338920
22.338697
22.336348
22.354345
22.351999
22.345972
22.364947
22.380059
22.351145
22.356432
22.376021
22.359628
22.351410
22.381241
22.379594
22.372857
22.360291
22.364945
22.352521
22.354917
22.330955
22.353167
22.369392
22.354049
22.349726
22.328233
22.342388
22.339727
22.331021
22.348344
22.327469
22.334655
22.343198
22.323683
22.332682
22.332057
22.310158
22.312066
22.314183
22.317249
22.313385
22.303138
22.302438
22.297103
22.291783
22.289136
22.278537
22.240911
22.270913
22.250638
22.221410
22.214451
22.211917
22.184022
22.198599
22.170430
22.163532
22.149600
22.146573
22.149731
22.130680
22.144176
22.100887
22.092393
22.091202
22.092605
22.077696
22.076048
22.085538
22.095466
22.092177
22.067050
22.076237
22.073189
22.090200
22.092107
22.099795
22.068820
22.074013
22.078362
22.086304
22.072870
22.084327
22.069955
22.070541
22.068002
22.089765
22.094188
22.089013
22.080730
22.079127
22.104370
22.108370
22.099100
22.103643
22.107003
22.106554
22.119965
22.122631
22.148976
22.140011
22.163480
22.184008
22.193433
22.135782
22.123117
22.169050
22.189519
22.205369
22.186928
22.184969
22.190712
22.194215
22.184827
22.218749
22.240511
22.252656
22.242921
22.259221
22.251250
22.276979
22.263399
22.263783
22.287783
22.304969
22.294887
22.343020
22.342176
22.336880
22.326292
22.322643
22.338201
22.355617
22.356997
22.369379
22.361318
22.394739
22.402317
22.408543
22.405324
22.401384
22.407160
22.417264
22.416784
22.427744
22.431971
22.441662
22.442888
22.451185
22.469102
22.458989
22.448271
22.443873
22.437543
22.437549
22.441931
22.464201
22.493505
22.465151
22.479715
22.444362
22.437904
22.428698
22.452121
22.448095
22.433245
22.427141
22.427466
22.426627
22.430629
22.430568
22.404318
22.398374
22.382098
22.353703
22.303048
22.300665
22.308964
22.331766
22.360435
22.328564
22.321644
22.309481
22.314420
22.311092
22.311132
22.253575
22.236881
22.231226
22.229400
22.225114
22.203421
22.193338
22.187511
22.169246
22.158156
22.133892
22.147405
22.105901
22.060242
22.081819
22.038176
22.042967
22.044894
22.047725
22.034734
22.043445
22.028490
22.010966
21.974003
21.964612
21.954794
21.957317
21.948298
21.938709
21.914365
21.913223
21.914261
21.907355
21.897695
21.872105
21.882429
21.876032
21.844251
21.851479
21.808376
21.805911
21.809232
21.791819
21.788245
21.766482
21.769362
21.768229
21.759667
21.755591
21.740593
21.728497
21.734894
21.722463
21.717282
21.711045
21.710534
21.707658
21.706948
21.687060
21.682433
21.662681
21.663837
21.675920
21.686784
21.685507
21.670401
21.667709
21.689214
21.685651
21.671064
21.663974
21.667885
21.666199
21.670614
21.686843
21.699823
21.719177
21.722441
21.715792
21.699361
21.705907
21.710277
21.696109
21.696664
21.701038
21.726051
21.731897
21.727957
21.746524
21.707694
21.716871
21.714884
21.721323
21.712501
21.761485
21.745117
21.757305
21.754269
21.784052
21.769687
21.771094
21.797442
21.808854
21.827181
21.824664
21.819841
21.822690
21.836808
21.836810
21.853405
21.870937
21.858537
21.882883
21.855464
21.905456
21.930208
21.930301
21.925057
21.952168
21.949069
21.952761
21.966135
21.962908
21.979605
21.992005
22.009820
22.034019
22.020349
22.046384
22.049192
22.055365
22.080410
22.041333
22.074311
22.078341
22.095085
22.087055
22.111044
22.115231
22.131430
22.137702
22.143182
22.134746
22.148385
22.153124
22.155128
22.180293
22.156174
22.145598
22.169612
22.174011
22.192899
22.214023
22.209903
22.211515
22.236652
22.231827
22.220365
22.232099
22.216653
22.216413
22.203238
22.260063
22.238859
22.220373
22.213531
22.245330
22.210565
22.219330
22.212620
22.201459
22.182599
22.190136
22.097462
22.055398
22.061346
22.091596
22.127790
22.017679
22.009520
21.988384
21.943072
21.947906
21.846008
21.856533
21.854927
21.818754
21.825197
21.792120
21.791819
21.790301
21.769297
21.781214
21.752555
21.737385
21.734588
21.714071
21.694619
21.686601
21.661121
21.673183
21.692852
21.743322
21.690593
21.576755
21.550521
21.604240
21.610671
21.615777
21.605026
21.575828
21.584164
21.582096
21.570303
21.575226
21.547901
21.543484
21.528786
21.548298
21.544987
21.523507
21.526799
21.525423
21.524321
21.521387
21.511925
21.511288
21.513876
21.493156
21.499411
21.485514
21.479068
21.475653
21.473180
21.482773
21.476842
21.487948
21.468360
21.469138
21.463438
21.481783
21.501669
21.484214
21.475157
21.492529
21.490977
21.480619
21.483005
21.488273
21.501931
21.515868
21.510283
21.503459
21.513618
21.497413
21.491272
21.500628
21.498944
21.476688
21.479406
21.492118
21.499287
21.501844
21.498752
21.522366
21.519061
21.526876
21.497697
21.507325
21.504548
21.515367
21.531152
21.507797
21.531649
21.532161
21.521125
21.538248
21.507792
21.508927
21.507790
21.521807
21.530157
21.505589
21.499849
21.509462
21.507339
21.503628
21.516213
21.501580
21.514128
21.509191
21.526570
21.498666
21.496236
21.516366
21.484792
21.490499
21.486665
21.486199
21.513832
21.503214
21.507158
21.503484
21.511051
21.487436
21.485927
21.501643
21.499850
21.515384
21.505006
21.491426
21.482417
21.482787
21.474492
21.465509
21.455159
21.452214
21.452655
21.444961
21.440219
21.437449
21.450753
21.426030
21.416526
21.405867
21.403168
21.408248
21.411007
21.408580
21.414687
21.393387
21.392290
21.393984
21.398789
21.397709
21.398294
21.372733
21.360620
21.373570
21.382002
21.384779
21.370614
21.377893
21.388953
21.365863
21.367474
21.352561
21.326995
21.326623
21.330274
21.331431
21.322625
21.323737
21.316808
21.318596
21.317040
21.298655
21.302310
21.307632
21.286341
21.285384
21.303450
21.288157
21.285255
21.288005
21.282221
21.283377
21.287914
21.277187
21.289262
21.289022
21.299246
21.313622
21.300665
21.318606
21.331285
21.334154
21.314728
21.303731
21.314407
21.353480
21.354610
21.375963
21.388374
21.383412
21.390246
21.373296
21.395887
21.403907
21.406691
21.412221
21.394907
21.411881
21.405669
21.408298
21.416291
21.390893
21.408729
21.428533
21.440180
21.450472
21.470560
21.477310
21.484269
21.477235
21.481989
21.489987
21.482884
21.487817
21.494341
21.515682
21.529666
21.526393
21.518524
21.551641
21.562246
21.571246
21.569075
21.547019
21.548008
21.566072
21.554544
21.571270
21.558288
21.564880
21.568883
21.580868
21.569247
21.576577
21.574175
21.545134
21.551963
21.565877
21.566600
21.592365
21.586448
21.576284
21.582099
21.584470
21.561275
21.604178
21.604153
21.563388
21.615743
21.620730
21.609723
21.610568
21.597625
21.605043
21.622196
21.601821
21.626639
21.632704
21.631866
21.639526
21.639638
21.637386
21.646955
21.642011
21.659101
21.651388
21.654638
21.667641
21.671167
21.663634
21.647118
21.665139
21.671273
21.690056
21.689532
21.673160
21.660430
21.665512
21.673691
21.676489
21.674321
21.675920
21.672332
21.664298
21.654233
21.652800
21.649511
21.628862
21.640289
21.648325
21.637944
21.656892
21.631929
21.623396
21.623489
21.608920
21.623007
21.604125
21.587823
21.597353
21.577636
21.577532
21.577559
21.559933
21.556279
21.561002
21.544472
21.554574
21.529714
21.521387
21.510349
21.513109
21.510123
21.475047
21.481575
21.459167
21.450603
21.466039
21.449879
21.455159
21.445278
21.438602
21.425301
21.437021
21.411394
21.406813
21.386752
21.391520
21.390042
21.378498
21.383785
21.386464
21.362277
21.346592
21.311360
21.311697
21.311534
21.314424
21.306640
21.314437
21.315184
21.330928
21.330152
21.317460
21.328976
21.286720
21.270401
21.286037
21.267711
21.258575
21.261328
21.240672
21.239505
21.233347
21.229045
21.215251
21.214942
21.202023
21.194606
21.201904
21.213142
21.200979
21.188888
21.181692
21.181191
21.191320
21.211300
21.181963
21.182217
21.183042
21.193553
21.179417
21.179863
21.212443
21.225103
21.223967
21.212825
21.212539
21.209490
21.220425
21.233342
21.208174
21.222315
21.233297
21.232536
21.239081
21.241550
21.248557
21.264620
21.269818
21.295981
21.294791
21.308825
21.284070
21.309197
21.357363
21.356422
21.355063
21.375096
21.386630
21.356860
21.375771
21.389538
21.409016
21.393987
21.424476
21.435829
21.445564
21.451052
21.461999
21.503321
21.487425
21.501454
21.516523
21.523922
21.537368
21.573039
21.555418
21.546200
21.580593
21.567538
21.595969
21.608816
21.628981
21.613862
21.619763
21.653844
21.659187
21.664427
21.693231
21.702372
21.717675
21.725504
21.733660
21.741217
21.755649
21.752056
21.773389
21.779788
21.791819
21.799389
21.828942
21.843288
21.851750
21.860332
21.855692
21.850179
21.882758
21.881160
21.896294
21.924055
21.924016
21.929192
21.952187
21.945216
21.976548
21.980744
22.005641
21.974370
21.992886
21.990503
21.995963
21.984116
22.026526
22.031159
22.050860
22.039068
22.062236
22.071292
22.062344
22.073288
22.082683
22.067061
22.060241
22.059491
22.070509
22.095874
22.101656
22.116132
22.124764
22.118610
22.101317
22.101493
22.087546
22.083089
22.088823
22.115163
22.105815
22.122765
22.112241
22.135058
22.101982
22.083791
22.069559
22.072084
22.100712
22.092415
22.100900
22.082320
22.102794
22.081676
22.078808
22.084171
22.077151
22.084327
22.084054
22.082145
22.083399
22.087816
22.081898
22.093244
22.085526
22.094235
22.094981
22.089023
22.049374
22.035952
22.057479
22.051300
22.036010
22.034655
22.024556
22.032044
22.040119
22.054526
22.047468
22.044162
22.044689
22.048260
22.053875
22.042704
22.064755
22.060024
22.083357
22.100235
22.095365
22.075773
22.070765
22.095006
22.088402
22.095365
22.070859
22.100133
22.089169
22.106095
22.117264
22.126265
22.113627
22.112579
22.127423
22.129425
22.113987
22.127746
22.139045
22.139517
22.139517
22.139458
22.117841
22.111776
22.116123
22.154035
22.161516
22.175269
22.160266
22.145190
22.125882
22.143794
22.120551
22.096115
22.092265
22.084898
22.076007
22.078173
22.048453
22.045538
22.048697
22.040916
22.038546
22.021537
22.001137
22.001541
22.019665
22.026514
22.015964
22.003795
21.969849
21.952185
21.971179
21.964228
21.970345
21.960937
21.970668
21.969431
21.965668
21.957415
21.943313
21.947905
21.937753
21.942948
21.943416
21.936859
21.927028
21.924452
21.938073
21.929207
21.914728
21.901384
21.910621
21.917479
21.926025
21.919173
21.930768
21.920485
21.899088
21.893921
21.881562
21.869939
21.861908
21.889507
21.891542
21.897026
21.903744
21.877365
21.878671
21.891476
21.898287
21.900021
21.901618
21.889835
21.915997
21.914234
21.910879
21.905867
21.921176
21.911875
21.915997
21.894458
21.907319
21.883588
21.880123
21.876552
21.891228
21.882296
21.893189
21.882063
21.877306
21.877992
21.888402
21.890474
21.892158
21.882902
21.884160
21.883958
21.898928
21.903969
21.888872
21.876502
21.867747
21.873612
21.876426
21.873350
21.876703
21.865085
21.868486
21.858489
21.878517
21.840753
21.840936
21.836481
21.860145
21.843312
21.821229
21.813040
21.808737
21.830934
21.794119
21.805255
21.794924
21.806182
21.822173
21.810202
21.806600
21.794872
21.816518
21.806759
21.841285
21.852047
21.830235
21.830452
21.809886
21.843356
21.821699
21.813456
21.800882
21.795488
21.806263
21.820057
21.832183
21.815488
21.841259
21.833040
21.829241
21.830711
21.823668
21.807625
21.800611
21.814338
21.801291
21.799109
21.804305
21.786310
21.798321
21.805185
21.800097
21.795323
21.816539
21.814892
21.794801
21.792290
21.802857
21.797702
21.808191
21.782535
21.790402
21.795382
21.807852
21.806801
21.799791
21.777286
21.802209
21.802175
21.820356
21.795900
21.793656
21.808725
21.820522
21.816225
21.848779
21.823233
21.827181
21.822540
21.839981
21.818961
21.844816
21.829412
21.835385
21.858931
21.870053
21.870014
21.892717
21.884309
21.882219
21.899344
21.904546
21.893292
21.883253
21.898756
21.892709
21.911499
21.940543
21.933271
21.928452
21.970370
21.960752
21.933545
21.952741
21.946351
21.940832
21.956344
21.937581
21.977126
21.992894
22.020058
22.020551
22.039629
22.020978
22.010958
22.013925
22.021012
22.009344
22.019344
22.010471
22.031331
22.063871
22.076826
22.082922
22.102696
22.104304
22.083036
22.085589
22.092605
22.087136
22.113635
22.126483
22.138548
22.147110
22.140518
22.137804
22.122960
22.120180
22.142911
22.140453
22.120988
22.128663
22.129964
22.133762
22.124650
22.112474
22.111835
22.124044
22.112661
22.130154
22.122830
22.092170
22.047913
22.067800
22.047675
22.045693
22.032534
22.026356
22.024854
22.028593
22.005014
22.001392
21.995037
21.995122
21.994109
21.984392
21.968279
21.960149
21.945469
21.930399
21.936077
21.909933
21.898106
21.883034
21.881912
21.880355
21.871095
21.863610
21.870368
21.861666
21.861312
21.851867
21.831382
21.833197
21.802234
21.789568
21.787621
21.782882
21.768618
21.770956
21.767301
21.749651
21.725591
21.722008
21.701300
21.716614
21.705952
21.676217
21.672026
21.674692
21.670403
21.679930
21.650996
21.618986
21.631386
21.621639
21.614545
21.583149
21.583930
21.561369
21.526906
21.528863
21.554501
21.549825
21.551742
21.516545
21.520682
21.505275
21.490227
21.497442
21.487851
21.451674
21.465327
21.436874
21.460029
21.460678
21.444000
21.427572
21.377446
21.388012
21.370079
21.356170
21.366503
21.370983
21.362169
21.367269
21.336912
21.333659
21.322620
21.303573
21.309763
21.302523
21.284402
21.284070
21.277129
21.266184
21.259837
21.232540
21.212679
21.218640
21.225799
21.209533
21.191079
21.191841
21.166176
21.186967
21.195066
21.174916
21.171478
21.166257
21.147327
21.142572
21.184728
21.156946
21.158295
21.167329
21.148760
21.151271
21.153946
21.145734
21.149790
21.145946
21.148854
21.135453
21.157444
21.181525
21.178202
21.195623
21.207048
21.196971
21.222188
21.213132
21.190559
21.239219
21.215305
21.234581
21.236288
21.250461
21.257204
21.235560
21.253140
21.271897
21.280467
21.293345
21.304693
21.307181
21.303525
21.282203
21.301005
21.301896
21.335634
21.341519
21.302186
21.361336
21.380383
21.386569
21.386167
21.420585
21.411696
21.446797
21.431216
21.444096
21.442699
21.462587
21.471814
21.534465
21.544988
21.548188
21.538949
21.539482
21.546159
21.567833
21.587581
21.613311
21.655157
21.679769
21.654316
21.661213
21.667285
21.663783
21.671978
21.698309
21.698825
21.705126
21.754875
21.745348
21.797710
21.787912
21.804665
21.812424
21.808376
21.828236
21.854234
21.858048
21.848460
21.887657
21.904045
21.898072
21.926058
21.943253
21.953849
21.992886
22.001997
21.972679
22.033162
22.034980
22.037887
22.051229
22.071946
22.072469
22.109089
22.108869
22.136870
22.136648
22.148388
22.150452
22.169846
22.200842
22.200572
22.228692
22.235814
22.245973
22.270223
22.279199
22.282641
22.274885
22.335633
22.330499
22.316411
22.340581
22.341988
22.338175
22.355812
22.394427
22.402250
22.423647
22.423341
22.415132
22.455656
22.442419
22.458157
22.466746
22.472488
22.482086
22.484549
22.484567
22.488912
22.493597
22.495367
22.490763
22.529342
22.528214
22.517670
22.537697
22.535234
22.533714
22.536886
22.529015
22.547768
22.545749
22.555130
22.557873
22.556258
22.564651
22.556020
22.562593
22.562477
22.562998
22.570800
22.565510
22.554284
22.553848
22.575069
22.594163
22.551475
22.559387
22.552687
22.542421
22.552300
22.524178
22.530471
22.523832
22.534291
22.526108
22.533569
22.520071
22.534020
22.520287
22.540713
22.521590
22.511159
22.511196
22.494062
22.517203
22.515615
22.519620
22.518186
22.535428
22.507941
22.533789
22.514089
22.502422
22.514593
22.523806
22.527926
22.531460
22.558356
22.556087
22.534359
22.529797
22.524865
22.519595
22.553359
22.541079
22.539472
22.541569
22.521489
22.547890
22.536019
22.512487
22.542880
22.542368
22.536361
22.520295
22.522343
22.517164
22.496038
22.537371
22.531228
22.534374
22.503040
22.487196
22.486421
22.501171
22.484707
22.449361
22.442783
22.469569
22.512930
22.502062
22.500498
22.449840
22.455579
22.434609
22.440544
22.424016
22.434915
22.434986
22.416519
22.420898
22.415031
22.385327
22.398277
22.432098
22.421657
22.428929
22.387765
22.373494
22.382870
22.372658
22.372968
22.351917
22.366218
22.358051
22.346799
22.337618
22.344387
22.309757
22.308143
22.323737
22.313834
22.302880
22.292789
22.345491
22.305498
22.286694
22.300533
22.269120
22.278920
22.298746
22.277825
22.255025
22.281604
22.262554
22.232125
22.217162
22.206546
22.208945
22.223338
22.242090
22.224339
22.232938
22.231881
22.225429
22.227821
22.231334
22.221717
22.213956
22.197850
22.200363
22.188639
22.201892
22.178150
22.190750
22.203335
22.213996
22.216221
22.200719
22.214327
22.178556
22.173998
22.190357
22.170600
22.167743
22.177628
22.172528
22.167436
22.185935
22.172207
22.154028
22.208284
22.187394
22.196923
22.173442
22.163083
22.165168
22.157690
22.207098
22.183669
22.151607
22.169991
22.184051
22.156197
22.184499
22.174809
22.168791
22.183669
22.169767
22.153570
22.160710
22.155482
22.145505
22.161316
22.135910
22.177119
22.187293
22.187544
22.179770
22.163167
22.169151
22.139293
22.135908
22.135199
22.192572
22.191639
22.183669
22.169455
22.194814
22.191947
22.190884
22.189188
22.171998
22.180909
22.184107
22.185087
22.199516
22.186468
22.184658
22.200625
22.191289
22.198197
22.205515
22.191904
22.217798
22.233340
22.216286
22.205034
22.201378
22.243042
22.239156
22.234828
22.244887
22.258874
22.254709
22.249910
22.241034
22.248104
22.242226
22.255326
22.244373
22.246890
22.244003
22.255801
22.270905
22.262922
22.279180
22.295592
22.270288
22.288173
22.269905
22.265606
22.280350
22.254107
22.300544
22.289900
22.291173
22.285773
22.277872
22.282620
22.275600
22.277635
22.283011
22.265804
22.273271
22.269798
22.280253
22.284992
22.266690
22.271076
22.249891
22.242200
22.238859
22.251495
22.257830
22.230064
22.256859
22.238859
22.261206
22.257463
22.236539
22.234744
22.250135
22.265204
22.276250
22.272067
22.286959
22.296808
22.296250
22.286196
22.293469
22.312600
22.302829
22.343667
22.317435
22.327163
22.332006
22.332690
22.357637
22.353396
22.338342
22.365796
22.365943
22.379594
22.388016
22.390632
22.390676
22.416976
22.438699
22.425660
22.433047
22.445082
22.440148
22.466637
22.491855
22.493278
22.525847
22.490267
22.534286
22.506650
22.513977
22.506634
22.525767
22.546349
22.535203
22.550462
22.559304
22.577154
22.585932
22.592193
22.596243
22.594911
22.608649
22.620960
22.625124
22.627318
22.630281
22.641413
22.651449
22.657455
22.647245
22.662560
22.692244
22.691418
22.686911
22.686376
22.688343
22.715107
22.705792
22.700060
22.713513
22.704964
22.709234
22.729983
22.717149
22.717684
22.715398
22.716067
22.715130
22.729856
22.738352
22.725984
22.743848
22.740178
22.741317
22.720915
22.742234
22.724725
22.737402
22.733081
22.721288
22.732927
22.740055
22.729617
22.719013
22.708687
22.700290
22.731683
22.739101
22.730673
22.753412
22.766907
22.768684
22.791706
22.808477
22.829001
22.838887
22.849217
22.863731
22.861597
22.855105
22.855535
22.861871
22.857198
22.856302
22.845992
22.853503
22.856847
22.858999
22.849755
22.866043
22.873205
22.858214
22.877048
22.868026
22.871737
22.877162
22.883609
22.873815
22.874709
22.874023
22.878587
22.882903
22.880923
22.877415
22.884223
22.906361
22.887034
22.892801
22.907514
22.902239
22.917078
22.882298
22.904238
22.906411
22.898516
22.933448
22.938023
22.934254
22.958927
22.953103
22.947173
22.935802
22.931743
22.950202
22.984231
22.968585
22.977747
22.977444
22.980800
22.990669
22.998737
22.985559
23.000089
23.050584
23.032020
23.024214
23.046996
23.035508
23.043037
23.055101
23.072560
23.050154
23.055063
23.098611
23.079837
23.106969
23.112826
23.122735
23.125779
23.124661
23.148345
23.175847
23.181142
23.204933
23.210170
23.217856
23.212970
23.224926
23.253845
23.229580
23.264410
23.298346
23.294551
23.335046
23.348128
23.348512
23.384019
23.384893
23.364737
23.408085
23.428206
23.468246
23.455034
23.467388
23.478560
23.489720
23.517939
23.507907
23.525534
23.569777
23.578433
23.581932
23.578447
23.613698
23.622835
23.639376
23.621599
23.666846
23.674956
23.687567
23.713138
23.710414
23.737142
23.752069
23.747620
23.768318
23.772357
23.808545
23.812650
23.809913
23.840637
23.848268
23.870898
23.901610
23.886128
23.902841
23.938800
23.953256
23.935638
23.989518
24.005123
23.973062
24.024183
24.042993
24.060133
24.062189
24.088776
24.073552
24.102789
24.123963
24.134667
24.146724
24.155122
24.167729
24.194146
24.197546
24.208407
24.220261
24.209146
24.229334
24.245190
24.252399
24.251086
24.276672
24.277234
24.286020
24.281368
24.296626
24.303081
24.299322
24.307884
24.302419
24.321965
24.340521
24.334360
24.340854
24.354319
24.340299
24.355633
24.346847
24.366212
24.371957
24.382936
24.373026
24.377390
24.383005
24.376324
24.390497
24.388156
24.402385
24.413499
24.410498
24.427897
24.431312
24.429907
24.438257
24.428699
24.435551
24.441066
24.436801
24.417802
24.456621
24.441061
24.435565
24.432050
24.438248
24.434528
24.417915
24.440926
24.464271
24.466780
24.454742
24.444171
24.446782
24.467363
24.439985
24.433986
24.463987
24.466553
24.442379
24.443925
24.377813
24.462038
24.426042
24.389500
24.399155
24.406958
24.393695
24.389572
24.394047
24.369950
24.353876
24.326595
24.338816
24.372315
24.368763
24.279584
24.340922
24.338906
24.339062
24.339171
24.358857
24.342333
24.346310
24.312822
24.331709
24.352094
24.326436
24.335867
24.333798
24.348179
24.337218
24.318841
24.326055
24.328240
24.313646
24.269917
24.325495
24.307350
24.247698
24.217720
24.185828
24.209450
24.171031
24.118960
24.131275
24.095448
24.074848
24.101166
23.973482
23.914385
23.908074
23.956590
24.012646
23.845138
23.880073
23.910323
23.939037
23.974250
24.022133
23.936493
23.855039
23.630260
23.723802
23.672088
23.616448
23.606560
23.620033
23.581626
23.581989
23.520663
23.477658
23.499218
23.470042
23.414184
23.366694
23.367347
23.338554
23.255736
23.253477
23.216711
23.170662
23.177762
23.119824
23.111672
23.098674
23.035767
23.028939
23.004445
22.938579
22.964618
22.885373
22.861190
22.859206
22.793520
22.785881
22.695317
22.740636
22.666418
22.650715
22.663232
22.583494
22.548044
22.538460
22.501381
22.461946
22.481269
22.410355
22.421514
22.402546
22.416668
22.391336
22.317016
22.300769
22.291289
22.244204
22.166151
22.219685
22.177072
22.181320
22.132978
22.140406
22.189502
22.073579
22.066440
22.110106
22.102342
22.092325
22.080224
22.067500
22.096718
22.112467
22.098872
22.118529
22.110434
22.112484
22.141968
22.142716
22.161229
22.163399
22.168683
22.199905
22.190374
22.205182
22.244267
22.225240
22.265587
22.282937
22.298114
22.335647
22.383163
22.397165
22.409361
22.431252
22.490474
22.473848
22.514932
22.539119
22.570734
22.632758
22.628030
22.632665
22.723432
22.700010
22.724192
22.797539
22.779747
22.830942
22.864907
22.846411
22.913330
22.935597
23.014166
22.988671
23.024531
23.101863
23.080705
23.142384
23.137530
23.146095
23.218194
23.244319
23.245451
23.287538
23.281328
23.340248
23.382527
23.394213
23.447595
23.457184
23.496808
23.523104
23.577646
23.631411
23.585178
23.677972
23.681322
23.648003
23.714690
23.772657
23.774950
23.820521
23.871121
23.854799
23.908809
23.910024
23.913357
23.969097
23.985261
24.020502
24.059487
24.062130
24.080871
24.116540
24.165373
24.122667
24.182152
24.243988
24.184640
24.268957
24.309377
24.278907
24.322209
24.357722
24.412224
24.394934
24.446133
24.427750
24.454441
24.477869
24.526248
24.535197
24.530094
24.589781
24.573545
24.600237
24.590786
24.622972
24.461389
24.508974
24.508993
24.543046
24.571112
24.493955
24.468472
24.461342
24.450262
24.393535
24.340030
24.337051
24.313400
24.161987
24.176359
24.244482
24.217739
24.194455
24.149002
24.143511
24.103704
24.016174
24.037801
23.977046
23.945837
23.984191
23.904925
23.810685
23.864792
23.784435
23.775614
23.723086
23.762312
23.695048
23.628502
23.646115
23.609560
23.561899
23.566703
23.476766
23.478451
23.484598
23.480480
23.451743
23.441271
23.359959
23.342546
23.296728
23.273325
23.276295
23.253107
23.243745
23.227792
23.227539
23.189375
23.046836
23.086847
23.064012
23.048936
23.049484
22.989028
22.954546
22.942418
22.893621
22.864233
22.856988
22.833438
22.819583
22.781569
22.778922
22.766835
22.685620
22.638145
22.592576
22.490424
22.634204
22.537304
22.557648
22.541879
22.490648
22.543126
22.418263
22.440114
22.440915
22.371424
22.345265
22.290042
22.288995
22.283011
22.249548
22.222814
22.204500
22.158290
22.150539
22.096414
22.096405
22.075167
22.001794
22.017184
21.975769
21.937816
21.954621
21.888959
21.872054
21.880693
21.816483
21.802376
21.774812
21.762280
21.738683
21.664622
21.683248
21.655246
21.608666
21.609811
21.564838
21.543093
21.516809
21.453564
21.466006
21.450673
21.397292
21.397496
21.375087
21.298185
21.339861
21.305705
21.258208
21.171228
21.208993
21.135169
21.081201
21.084454
20.989128
20.953050
20.944983
20.852759
20.820930
20.810759
20.733063
20.705472
20.690306
20.559712
20.570323
20.503419
20.458381
20.447932
20.385157
20.343990
20.265536
20.309484
20.223178
20.159053
20.179873
20.124625
20.038664
20.059771
19.986268
19.928734
19.947521
19.835627
19.812099
19.783982
19.743465
19.712671
19.665562
19.677520
19.636252
19.553545
19.513708
19.463590
19.451296
19.425430
19.376859
19.374472
19.329786
19.228494
19.272042
19.190297
19.147903
19.157466
19.140255
19.100980
19.039822
19.051032
19.011375
18.938128
18.954440
18.911498
18.880134
18.852116
18.803274
18.791202
18.772442
18.717363
18.709140
18.680227
18.611438
18.613677
18.576433
18.542268
18.557364
18.491850
18.447052
18.378191
18.413124
18.356063
18.333643
18.344829
18.311679
18.240682
18.249390
18.185959
18.180439
18.176866
18.134166
18.128692
18.114924
18.079681
18.065993
18.030140
18.001215
18.003322
17.964379
17.933248
17.903760
17.905116
17.876146
17.850239
17.855476
17.816808
17.791726
17.797797
17.763571
17.739511
17.756187
17.699000
17.693292
17.677923
17.654047
17.637949
17.593457
17.582020
17.582299
17.548680
17.493205
17.471299
17.483862
17.452244
17.417521
17.428872
17.380532
17.372028
17.360440
17.333541
17.291106
17.308093
17.229835
17.202681
17.180684
17.188954
17.144166
17.110576
17.096605
17.091076
17.050942
17.038367
16.976274
16.971158
16.935775
16.878281
16.876866
16.833052
16.770547
16.783849
16.717113
16.677319
16.695629
16.602143
16.522897
16.469934
16.497448
16.388061
16.333813
16.353132
16.280065
16.207602
16.200962
16.061623
16.032140
15.995699
15.887891
15.856275
15.823931
15.698604
15.698123
15.601776
15.519761
15.541810
15.421590
15.351475
15.206795
15.228129
15.146304
15.035699
15.057005
14.968455
14.875321
14.869261
14.748012
14.682236
14.687449
14.564085
14.533308
14.541944
14.402756
14.375691
14.299519
14.226572
14.256325
14.168008
14.110111
14.011028
14.015531
13.987292
13.868576
13.894421
13.842611
13.735485
13.771955
13.698778
13.661029
13.666898
13.592745
13.557928
13.559183
13.494044
13.458908
13.419712
13.387088
13.381400
13.331855
13.314572
13.259537
13.257739
13.232197
13.183103
13.192337
13.146611
13.106874
13.109482
13.084968
13.082818
13.079483
13.054349
13.030614
13.031807
13.029314
12.994797
12.975827
12.984360
12.961359
12.946688
12.928285
12.889951
12.885360
12.870474
12.843574
12.836955
12.815205
12.771225
12.775783
12.735571
12.713993
12.698700
12.676783
12.652890
12.584294
12.614299
12.545980
12.506584
12.523246
12.476862
12.440064
12.436134
12.370894
12.356403
12.344657
12.268152
12.248691
12.248305
12.168195
12.151742
12.124325
12.079023
12.075839
12.047041
11.971548
11.901386
11.906715
11.852480
11.779807
11.783435
11.777330
11.698302
11.710709
11.641302
11.606354
11.616156
11.570689
11.533043
11.553352
11.505603
11.503557
11.479545
11.474466
11.475759
11.444996
11.432578
11.493801
11.484922
11.486087
11.410885
11.433958
11.426113
11.477099
11.451159
11.494609
11.372953
11.435226
11.382585
11.479109
11.451498
11.384026
11.446477
11.439343
11.444983
11.414333
11.432633
11.451939
11.528677
11.533849
11.528672
11.417821
11.428992
11.442452
11.487993
11.498857
11.441135
11.542571
11.496218
11.534735
11.554860
11.516858
11.575583
11.552299
11.622600
11.615039
11.615986
11.643600
11.638781
11.682023
11.680517
11.709648
11.735444
11.744458
11.759087
11.769097
11.793330
11.819258
11.837566
11.847057
11.835738
11.906627
11.926521
11.924513
11.979602
11.984499
11.988612
12.031140
12.058253
12.053760
12.077134
12.099408
12.126726
12.118657
12.178680
12.145671
12.190572
12.201148
12.245733
12.237014
12.227063
12.254581
12.267207
12.267748
12.265178
12.296446
12.323954
12.331984
12.313301
12.357656
12.372866
12.338704
12.370154
12.358547
12.371479
12.392484
12.372263
12.412984
12.407053
12.399024
12.394781
12.393408
12.356756
12.312187
12.265837
12.277668
12.469009
12.375773
12.425839
12.375136
12.437732
12.448589
12.394161
12.362493
12.348659
12.420342
12.317571
12.356541
12.359528
12.340668
12.342611
12.325656
12.353740
12.315986
12.303376
12.291833
12.284911
12.278834
12.276445
12.276358
12.277316
12.216606
12.229734
12.221721
12.177556
12.203785
12.118826
12.111930
12.117988
12.066797
12.032700
11.986180
12.004742
11.980102
11.957097
11.967386
11.925345
11.930940
11.919911
11.886899
11.893827
11.882142
11.858140
11.856249
11.844975
11.876201
11.849922
11.973801
11.939787
11.879839
11.871964
11.838660
11.890650
11.875423
11.954979
11.956478
11.992683
11.869883
11.903803
11.882624
11.947981
11.929587
11.941250
11.948004
11.953647
11.961713
11.964860
11.973569
11.981003
11.977303
11.969726
11.981628
12.014312
12.010455
12.022087
12.023373
12.068569
12.067455
12.080924
12.114185
12.101188
12.083891
12.090763
12.097050
12.091406
12.097065
12.122050
12.145455
12.145414
12.170283
12.186766
12.226994
12.234636
12.252656
12.297877
12.287051
12.295790
12.306736
12.301999
12.319873
12.332013
12.330681
12.349255
12.359827
12.351288
12.378212
12.401220
12.425925
12.427143
12.432243
12.443405
12.449014
12.455081
12.467503
12.474049
12.494575
12.478166
12.509645
12.514360
12.498369
12.532379
12.524443
12.522638
12.523239
12.543700
12.518817
12.530323
12.429088
12.457763
12.481668
12.564634
12.540071
12.529854
12.532387
12.537299
12.543941
12.515898
12.524790
12.555605
12.590345
12.544714
12.499717
12.516789
12.501427
12.536436
12.532801
12.527349
12.545053
12.540604
12.529511
12.525424
12.482500
12.532868
12.495601
12.536280
12.506502
12.506825
12.520494
12.488510
12.500562
12.551863
12.539808
12.485032
12.482673
12.481337
12.508579
12.545800
12.676014
12.663844
12.550612
12.524650
12.484042
12.591695
12.532349
12.556243
12.629154
12.605345
12.629224
12.636427
12.689866
12.708595
12.701784
12.738684
12.771470
12.784541
12.810201
12.850485
12.866665
12.918229
12.929320
12.931991
13.016108
13.018755
13.053649
13.104348
13.105335
13.121451
13.256894
13.206305
13.247379
13.309469
13.292879
13.342651
13.391367
13.468915
13.467146
13.511305
13.572902
13.552038
13.625532
13.675300
13.670262
13.745561
13.763779
13.784888
13.853985
13.860220
13.925955
13.974105
13.964109
14.024734
14.045287
14.044977
14.069550
14.172005
14.177005
14.197051
14.237015
14.253619
14.278864
14.268715
14.323340
14.306941
14.352082
14.365879
14.360840
14.420765
14.423757
14.422741
14.446251
14.450670
14.474279
14.489070
14.511387
14.519506
14.506798
14.534634
14.544682
14.525667
14.558768
14.554684
14.552286
14.561913
14.573920
14.570564
14.585077
14.591190
14.521396
14.456581
14.546675
14.562084
14.656392
14.550679
14.496687
14.535031
14.576950
14.548831
14.488641
14.421836
14.467501
14.415374
14.396525
14.399239
14.355376
14.368483
14.340192
14.282110
14.299375
14.249952
14.226631
14.215044
14.222306
14.213614
14.180940
14.177179
14.171781
14.164544
14.161099
14.133156
14.135568
14.123289
14.108916
14.106094
14.106615
14.099593
14.097163
14.080115
14.071341
14.073481
14.077369
14.076240
14.058940
14.059626
14.089714
14.131430
14.120462
14.077486
14.055489
14.048854
14.173957
14.183639
14.178342
14.100741
14.078336
14.141277
14.120168
14.118207
14.134204
14.152969
14.158641
14.147613
14.182414
14.197308
14.190343
14.215999
14.238523
14.240961
14.265285
14.288813
14.277175
14.322791
14.343401
14.355456
14.369783
14.392446
14.426043
14.428357
14.435430
14.476197
14.496512
14.520460
14.541443
14.550547
14.594953
14.598960
14.632614
14.666757
14.660291
14.690201
14.734435
14.712315
14.779390
14.791935
14.792973
14.839199
14.840283
14.912262
14.916927
14.942046
14.972716
14.995137
15.035522
15.029832
15.071615
15.123469
15.128877
15.154504
15.238472
15.219147
15.236539
15.306557
15.309569
15.322447
15.392089
15.370261
15.404506
15.499196
15.518324
15.499036
15.542198
15.594410
15.611525
15.635528
15.664872
15.673384
15.731772
15.739939
15.760088
15.815820
15.808617
